11
31
30
00
10
11
05
36
13
32
10
00
33
17
11
24
00
29
00
10
29
21
27
04
19
10
21
25
00
11
30
35
21
00
00
25
21
01
24
15
00
24
31
09
19
17
00
31
17
32
08
19
05
23
29
05
18
34
02
00
09
00
03
16
36
27
00
00
00
31
00
16
09
00
32
31
09
28
01
01
29
04
15
24
04
15
08
11
27
06
28
25
28
15
28
28
34
29
11
21
27
31
11
00
15
09
15
28
23
25
00
07
25
19
00
15
04
00
35
15
33
25
02
29
32
27
33
13
02
00
15
08
00
06
00
31
08
00
07
03
31
31
18
36
09
03
27
30
00
36
28
28
09
08
29
29
00
30
00
00
34
15
05
00
00
08
14
00
16
09
23
23
11
33
29
02
05
24
35
30
00
27
30
08
10
04
21
04
29
32
26
23
05
00
08
23
00
15
17
35
04
23
25
27
11
07
00
32
28
08
29
13
03
04
11
01
29
07
08
33
02
27
30
00
02
35
13
02
25
08
08
15
01
02
33
07
18
04
11
21
08
15
28
03
18
14
24
29
27
35
15
33
31
19
29
25
32
35
06
00
34
29
30
17
28
28
25
21
00
15
29
26
33
08
16
15
00
29
25
08
31
29
05
00
28
27
02
25
00
17
00
21
32
03
19
25
09
07
18
16
00
21
27
02
09
00
00
00
09
16
03
34
17
00
32
27
14
11
18
32
32
25
21
15
01
00
32
31
31
00
18
31
29
16
09
00
00
02
23
34
19
00
33
11
09
14
07
31
16
09
13
27
00
25
31
00
00
00
00
34
17
21
11
00
18
15
14
15
00
35
18
19
07
27
29
13
27
00
13
19
11
21
16
35
16
03
01
11
26
18
00
08
27
15
24
21
21
04
02
32
00
11
34
15
00
27
15
01
13
17
28
06
02
01
27
14
01
07
17
19
00
14
26
10
34
24
30
06
21
00
36
35
15
21
00
36
31
34
27
31
01
35
01
10
34
14
11
29
24
36
00
24
23
21
05
31
07
01
00
29
08
32
31
31
11
01
27
29
27
00
16
07
01
29
16
15
00
18
31
15
02
07
00
21
25
06
36
16
