18
  (29, 15)	1
20
  (29, 36)	1
  (29, 27)	1
21
  (29, 17)	1
  (29, 19)	1
  (29, 25)	2
  (29, 33)	1
22
  (29, 33)	5
  (29, 28)	1
  (29, 23)	1
  (29, 18)	1
  (29, 36)	1
  (21, 8)	2
23
  (29, 28)	1
  (21, 31)	1
  (29, 13)	1
  (21, 12)	1
  (21, 18)	1
  (21, 19)	1
24
  (21, 28)	2
  (8, 15)	1
  (21, 27)	1
25
  (21, 25)	1
  (8, 3)	1
  (21, 28)	1
26
  (29, 3)	1
  (8, 3)	3
  (15, 2)	2
  (29, 19)	1
  (15, 4)	3
  (8, 12)	1
27
  (21, 25)	6
  (8, 3)	5
  (8, 13)	1
  (21, 28)	5
  (29, 32)	1
  (29, 33)	6
  (15, 4)	6
  (29, 14)	2
  (29, 36)	1
28
  (21, 25)	9
  (8, 3)	1
  (15, 4)	3
  (29, 33)	1
  (29, 14)	2
  (21, 28)	4
  (15, 16)	2
29
  (15, 4)	4
  (29, 14)	2
  (8, 3)	1
  (21, 19)	1
  (29, 33)	2
30
  (21, 25)	1
  (8, 3)	1
  (8, 13)	2
  (15, 31)	1
  (21, 29)	1
  (15, 4)	8
  (29, 14)	1
  (15, 5)	2
  (21, 19)	1
31
  (15, 4)	2
  (21, 25)	1
  (8, 3)	1
  (21, 19)	11
  (29, 33)	2
32
  (21, 25)	1
  (21, 0)	1
  (15, 2)	2
  (21, 28)	4
  (15, 28)	1
  (15, 4)	6
  (29, 14)	4
  (29, 36)	1
  (21, 19)	1
33
  (21, 25)	1
  (15, 2)	1
  (15, 4)	4
  (29, 14)	2
  (21, 28)	1
  (29, 4)	2
  (21, 19)	3
34
  (15, 4)	4
  (15, 28)	1
  (8, 3)	3
  (8, 13)	2
  (29, 33)	1
35
  (15, 4)	6
  (21, 25)	4
  (21, 28)	1
  (29, 17)	1
  (29, 33)	1
36
  (29, 33)	6
  (8, 3)	3
  (15, 4)	5
  (29, 14)	3
  (29, 21)	1
  (15, 15)	1
37
  (15, 4)	1
  (29, 14)	1
  (8, 12)	1
  (29, 33)	2
38
  (15, 4)	2
  (29, 14)	2
  (8, 3)	1
  (8, 13)	2
  (8, 12)	1
39
  (29, 33)	5
  (8, 3)	2
  (15, 4)	1
  (29, 14)	4
  (29, 36)	1
  (29, 32)	4
40
  (15, 4)	10
  (29, 33)	2
  (15, 5)	1
  (15, 2)	2
  (8, 12)	1
41
  (15, 4)	1
  (29, 14)	1
  (8, 27)	1
  (15, 5)	2
  (29, 33)	3
42
  (15, 28)	1
  (29, 14)	1
  (15, 14)	2
  (29, 17)	1
43
  (29, 14)	1
  (8, 3)	5
44
  (15, 4)	3
  (8, 3)	3
45
  (15, 4)	1
  (29, 14)	3
  (15, 16)	1
  (8, 13)	3
  (29, 33)	1
46
  (8, 12)	1
47
  (15, 4)	5
  (8, 13)	2
  (8, 12)	1
  (29, 14)	1
  (29, 33)	2
  (8, 26)	1
  (8, 31)	1
48
  (15, 4)	3
  (29, 14)	1
  (15, 5)	1
  (8, 12)	1
49
  (8, 3)	5
50
  (15, 4)	10
  (29, 14)	3
  (8, 3)	10
  (8, 13)	2
  (15, 2)	4
51
  (15, 4)	2
  (8, 3)	1
  (8, 12)	1
  (29, 14)	2
  (29, 36)	1
  (15, 16)	3
  (29, 21)	1
52
  (15, 4)	2
  (29, 14)	5
  (29, 17)	1
  (29, 25)	1
  (29, 33)	2
53
  (15, 12)	2
54
  (15, 12)	1
  (15, 29)	1
  (15, 23)	1
  (8, 7)	1
  (8, 12)	1
  (29, 14)	5
  (15, 9)	2
55
  (29, 18)	1
  (8, 13)	1
  (8, 31)	1
  (29, 2)	2
  (29, 32)	1
  (8, 7)	1
  (29, 14)	6
  (29, 25)	1
56
  (29, 14)	8
  (15, 3)	1
  (29, 21)	1
  (15, 2)	1
  (29, 33)	2
57
  (29, 14)	3
  (29, 33)	1
  (29, 36)	3
58
  (15, 4)	1
  (29, 33)	1
  (8, 0)	3
  (8, 18)	2
  (29, 21)	2
59
  (8, 3)	3
  (15, 7)	1
60
  (15, 28)	1
  (15, 23)	1
  (8, 12)	2
  (15, 36)	1
  (15, 19)	1
  (15, 30)	2
  (15, 14)	1
61
  (15, 4)	1
  (29, 21)	1
  (15, 2)	4
62
  (15, 36)	1
  (15, 19)	1
  (8, 3)	1
  (8, 12)	1
63
  (15, 28)	11
  (29, 33)	4
  (8, 3)	2
  (8, 13)	1
  (8, 12)	1
  (15, 19)	3
  (15, 30)	1
64
  (29, 17)	2
  (8, 3)	6
  (8, 13)	4
  (8, 12)	3
  (29, 33)	2
  (15, 32)	1
  (29, 36)	1
65
  (29, 14)	4
  (8, 27)	1
  (15, 32)	1
66
  (8, 33)	1
  (15, 5)	3
  (8, 12)	1
74
  (8, 29)	2
75
  (8, 15)	2
79
  (8, 0)	1
80
  (8, 0)	1
81
  (8, 30)	1
82
  (8, 0)	3
83
  (8, 3)	1
  (8, 5)	3
84
  (8, 3)	1
  (8, 5)	2
  (8, 7)	3
85
  (8, 0)	1
86
  (8, 5)	2
88
  (8, 34)	1
93
  (8, 0)	1
95
  (8, 29)	1
  (8, 7)	1
96
  (8, 0)	3
98
  (8, 30)	1
  (8, 3)	1
  (8, 15)	1
  (8, 20)	3
99
  (8, 14)	1
  (8, 3)	5
  (8, 13)	2
  (8, 31)	1
  (8, 30)	2
  (8, 18)	1
  (8, 6)	1
  (8, 36)	1
100
  (8, 3)	2
  (8, 34)	1
136
  (8, 6)	1
  (8, 12)	1
150
  (8, 9)	1
151
  (8, 23)	1
152
  (8, 23)	1
  (8, 36)	1
153
  (8, 25)	1
  (8, 36)	1
161
  (8, 25)	1
170
  (8, 20)	1
172
  (8, 21)	1
173
  (8, 13)	1
174
  (8, 2)	1
175
  (8, 21)	1
191
  (29, 31)	1
200
  (15, 36)	5
201
  (15, 14)	1
203
  (15, 36)	1
  (15, 0)	1
  (15, 15)	1
206
  (15, 12)	1
208
  (15, 8)	1
213
  (29, 18)	1
  (29, 32)	1
217
  (29, 21)	1
223
  (29, 31)	1
229
  (29, 27)	1
230
  (29, 21)	1
233
  (29, 30)	1
236
  (29, 15)	1
  (29, 21)	1
240
  (15, 29)	4
  (29, 15)	1
241
  (15, 29)	1
242
  (15, 8)	3
244
  (15, 36)	1
  (29, 4)	1
  (15, 21)	1
  (15, 0)	2
  (15, 7)	2
245
  (15, 21)	1
  (29, 4)	3
  (15, 29)	1
  (29, 23)	4
  (29, 32)	1
246
  (29, 15)	1
  (29, 34)	1
  (15, 7)	2
  (15, 4)	1
  (29, 4)	1
  (15, 21)	1
  (15, 0)	1
247
  (29, 4)	3
  (15, 29)	1
  (15, 0)	1
  (15, 7)	2
  (29, 3)	1
251
  (29, 5)	1
252
  (29, 7)	1
257
  (29, 9)	3
  (29, 31)	1
  (29, 25)	1
260
  (29, 0)	1
267
  (29, 5)	1
286
  (29, 25)	1
  (29, 8)	2
287
  (29, 15)	1
288
  (29, 15)	2
479
  (8, 20)	2
  (8, 36)	2
